5
2
2 7
5 8
3
1 3
2 3
3 5
3
1 5
2 4
3 8
50
1 4
2 10
3 10
3 6
4 10
5 3
5 10
5 10
7 6
7 3
9 10
12 10
13 3
13 1
17 6
17 6
18 8
19 9
19 10
20 3
21 10
22 9
23 10
23 10
25 10
26 10
26 10
27 10
28 6
31 9
32 8
32 1
33 10
34 4
34 6
35 10
37 9
38 4
39 1
40 6
40 1
41 9
43 6
44 3
45 3
46 3
46 10
47 1
49 3
49 9
100
2 2
6 6
21 6
32 2
50 2
50 7
55 8
89 4
92 10
101 1
104 1
115 4
116 2
117 4
124 1
126 9
134 8
159 6
177 3
186 5
191 4
198 8
199 3
201 7
203 9
205 3
223 10
236 2
239 1
250 6
272 1
292 9
296 1
304 9
307 7
309 6
312 4
324 5
325 1
330 5
332 8
343 9
349 5
364 4
371 3
381 4
384 8
404 8
412 10
434 8
438 4
444 2
469 6
473 3
492 10
501 9
529 9
539 9
542 7
558 9
569 2
580 9
582 10
610 8
637 7
637 8
649 4
653 1
658 4
668 1
678 1
683 2
710 1
721 8
729 9
749 3
759 10
767 8
775 1
776 5
779 1
789 3
790 6
796 2
810 9
812 5
816 4
822 7
849 7
874 1
876 3
893 8
895 3
901 3
961 9
961 1
970 3
977 8
985 8
989 10