
SAMPLE INPUT

1
5
1 2 1 2
1 0 2 1

SAMPLE OUTPUT

6

1
3
5 4
7 4

6




INPUT

10
3
5 4
7 4
6
3 0 8 8 4
5 2 4 0 7
10
5 4 6 8 5 2 1 6 9
8 4 1 4 9 0 0 6 10
7
8 8 5 1 9 8
7 4 6 7 5 9
10
4 2 10 0 5 9 7 3 4
7 2 3 6 3 10 6 5 8
7
1 8 1 6 10 3
4 10 9 1 1 4
2
10
10
4
4 0 0
6 6 6
8
2 3 1 2 7 2 7
4 1 10 7 0 10 7
10
10 1 0 7 10 7 6 6 3
2 4 8 8 10 10 4 5 0


OUTPUT

8
12
19
15
17
15
11
9
16
16










INPUT 

10
6
0 1 0 1 0
1 1 1 0 0
3
0 1
0 1
2
1
0
2
1
1
7
1 0 0 0 0 0
1 0 0 0 0 0
6
1 1 1 1 1
0 0 1 0 0
4
0 0 0
0 0 0
10
0 0 0 0 1 0 0 0 0
0 0 1 1 1 0 0 0 1
10
0 0 0 0 1 1 0 1 0
0 1 1 0 0 1 1 0 1
2
0
0


OUTPUT

6
3
2
2
7
6
4
10
10
2

